(kicad_pcb (version 20171130) (host pcbnew 5.1.10-88a1d61d58~88~ubuntu18.04.1)

  (general
    (thickness 1.6)
    (drawings 0)
    (tracks 0)
    (zones 0)
    (modules 21)
    (nets 139)
  )

  (page A4)
  (layers
    (0 F.Cu signal)
    (31 B.Cu signal)
    (32 B.Adhes user)
    (33 F.Adhes user)
    (34 B.Paste user)
    (35 F.Paste user)
    (36 B.SilkS user)
    (37 F.SilkS user)
    (38 B.Mask user)
    (39 F.Mask user)
    (40 Dwgs.User user)
    (41 Cmts.User user)
    (42 Eco1.User user)
    (43 Eco2.User user)
    (44 Edge.Cuts user)
    (45 Margin user)
    (46 B.CrtYd user)
    (47 F.CrtYd user)
    (48 B.Fab user)
    (49 F.Fab user)
  )

  (setup
    (last_trace_width 0.25)
    (trace_clearance 0.2)
    (zone_clearance 0.508)
    (zone_45_only no)
    (trace_min 0.2)
    (via_size 0.8)
    (via_drill 0.4)
    (via_min_size 0.4)
    (via_min_drill 0.3)
    (uvia_size 0.3)
    (uvia_drill 0.1)
    (uvias_allowed no)
    (uvia_min_size 0.2)
    (uvia_min_drill 0.1)
    (edge_width 0.05)
    (segment_width 0.2)
    (pcb_text_width 0.3)
    (pcb_text_size 1.5 1.5)
    (mod_edge_width 0.12)
    (mod_text_size 1 1)
    (mod_text_width 0.15)
    (pad_size 1.524 1.524)
    (pad_drill 0.762)
    (pad_to_mask_clearance 0)
    (aux_axis_origin 0 0)
    (visible_elements FFFFFF7F)
    (pcbplotparams
      (layerselection 0x010fc_ffffffff)
      (usegerberextensions false)
      (usegerberattributes true)
      (usegerberadvancedattributes true)
      (creategerberjobfile true)
      (excludeedgelayer true)
      (linewidth 0.100000)
      (plotframeref false)
      (viasonmask false)
      (mode 1)
      (useauxorigin false)
      (hpglpennumber 1)
      (hpglpenspeed 20)
      (hpglpendiameter 15.000000)
      (psnegative false)
      (psa4output false)
      (plotreference true)
      (plotvalue true)
      (plotinvisibletext false)
      (padsonsilk false)
      (subtractmaskfromsilk false)
      (outputformat 1)
      (mirror false)
      (drillshape 1)
      (scaleselection 1)
      (outputdirectory ""))
  )

  (net 0 "")
  (net 1 /VCC)
  (net 2 GND)
  (net 3 /-VCC)
  (net 4 "Net-(J1-Pad3)")
  (net 5 "Net-(J1-Pad4)")
  (net 6 /IN)
  (net 7 "Net-(J2-Pad2)")
  (net 8 "Net-(J2-Pad3)")
  (net 9 "Net-(J2-Pad4)")
  (net 10 "Net-(J2-Pad5)")
  (net 11 "Net-(J2-Pad6)")
  (net 12 "Net-(J2-Pad7)")
  (net 13 "Net-(J2-Pad8)")
  (net 14 "Net-(J2-Pad9)")
  (net 15 "Net-(J2-Pad10)")
  (net 16 "Net-(J2-Pad11)")
  (net 17 "Net-(J2-Pad12)")
  (net 18 "Net-(J2-Pad13)")
  (net 19 "Net-(J2-Pad14)")
  (net 20 "Net-(J2-Pad15)")
  (net 21 "Net-(J2-Pad16)")
  (net 22 "Net-(J2-Pad17)")
  (net 23 "Net-(J2-Pad18)")
  (net 24 "Net-(J2-Pad19)")
  (net 25 "Net-(J2-Pad20)")
  (net 26 "Net-(J2-Pad21)")
  (net 27 "Net-(J2-Pad22)")
  (net 28 "Net-(J2-Pad23)")
  (net 29 "Net-(J2-Pad24)")
  (net 30 "Net-(J2-Pad25)")
  (net 31 "Net-(J2-Pad26)")
  (net 32 "Net-(J2-Pad27)")
  (net 33 "Net-(J2-Pad28)")
  (net 34 "Net-(J2-Pad29)")
  (net 35 "Net-(J2-Pad30)")
  (net 36 "Net-(J2-Pad31)")
  (net 37 "Net-(J2-Pad32)")
  (net 38 "Net-(J2-Pad33)")
  (net 39 "Net-(J2-Pad34)")
  (net 40 "Net-(J2-Pad35)")
  (net 41 "Net-(J2-Pad36)")
  (net 42 "Net-(J2-Pad37)")
  (net 43 "Net-(J2-Pad38)")
  (net 44 "Net-(J2-Pad39)")
  (net 45 "Net-(J2-Pad40)")
  (net 46 "Net-(J2-Pad41)")
  (net 47 "Net-(J2-Pad42)")
  (net 48 "Net-(J2-Pad43)")
  (net 49 "Net-(J2-Pad44)")
  (net 50 "Net-(J2-Pad45)")
  (net 51 "Net-(J2-Pad46)")
  (net 52 "Net-(J2-Pad47)")
  (net 53 "Net-(J2-Pad48)")
  (net 54 "Net-(J2-Pad49)")
  (net 55 "Net-(J2-Pad50)")
  (net 56 "Net-(J2-Pad51)")
  (net 57 "Net-(J2-Pad52)")
  (net 58 "Net-(J2-Pad53)")
  (net 59 "Net-(J2-Pad54)")
  (net 60 "Net-(J2-Pad55)")
  (net 61 "Net-(J2-Pad56)")
  (net 62 "Net-(J2-Pad57)")
  (net 63 "Net-(J2-Pad58)")
  (net 64 "Net-(J2-Pad59)")
  (net 65 "Net-(J2-Pad60)")
  (net 66 "Net-(J2-Pad61)")
  (net 67 "Net-(J2-Pad62)")
  (net 68 "Net-(J2-Pad63)")
  (net 69 "Net-(J2-Pad64)")
  (net 70 "Net-(J3-Pad64)")
  (net 71 "Net-(J3-Pad63)")
  (net 72 "Net-(J3-Pad62)")
  (net 73 "Net-(J3-Pad61)")
  (net 74 "Net-(J3-Pad60)")
  (net 75 "Net-(J3-Pad59)")
  (net 76 "Net-(J3-Pad58)")
  (net 77 "Net-(J3-Pad57)")
  (net 78 "Net-(J3-Pad56)")
  (net 79 "Net-(J3-Pad55)")
  (net 80 "Net-(J3-Pad54)")
  (net 81 "Net-(J3-Pad53)")
  (net 82 "Net-(J3-Pad52)")
  (net 83 "Net-(J3-Pad51)")
  (net 84 "Net-(J3-Pad50)")
  (net 85 "Net-(J3-Pad49)")
  (net 86 "Net-(J3-Pad48)")
  (net 87 "Net-(J3-Pad47)")
  (net 88 "Net-(J3-Pad46)")
  (net 89 "Net-(J3-Pad45)")
  (net 90 "Net-(J3-Pad44)")
  (net 91 "Net-(J3-Pad43)")
  (net 92 "Net-(J3-Pad42)")
  (net 93 "Net-(J3-Pad41)")
  (net 94 "Net-(J3-Pad40)")
  (net 95 "Net-(J3-Pad39)")
  (net 96 "Net-(J3-Pad38)")
  (net 97 "Net-(J3-Pad37)")
  (net 98 "Net-(J3-Pad36)")
  (net 99 "Net-(J3-Pad35)")
  (net 100 "Net-(J3-Pad34)")
  (net 101 "Net-(J3-Pad33)")
  (net 102 "Net-(J3-Pad32)")
  (net 103 "Net-(J3-Pad31)")
  (net 104 "Net-(J3-Pad30)")
  (net 105 "Net-(J3-Pad29)")
  (net 106 "Net-(J3-Pad28)")
  (net 107 "Net-(J3-Pad27)")
  (net 108 "Net-(J3-Pad26)")
  (net 109 "Net-(J3-Pad25)")
  (net 110 "Net-(J3-Pad24)")
  (net 111 "Net-(J3-Pad23)")
  (net 112 "Net-(J3-Pad22)")
  (net 113 "Net-(J3-Pad21)")
  (net 114 "Net-(J3-Pad20)")
  (net 115 "Net-(J3-Pad19)")
  (net 116 "Net-(J3-Pad18)")
  (net 117 "Net-(J3-Pad17)")
  (net 118 "Net-(J3-Pad16)")
  (net 119 "Net-(J3-Pad15)")
  (net 120 "Net-(J3-Pad14)")
  (net 121 "Net-(J3-Pad13)")
  (net 122 "Net-(J3-Pad12)")
  (net 123 "Net-(J3-Pad11)")
  (net 124 "Net-(J3-Pad10)")
  (net 125 "Net-(J3-Pad9)")
  (net 126 "Net-(J3-Pad8)")
  (net 127 "Net-(J3-Pad7)")
  (net 128 "Net-(J3-Pad6)")
  (net 129 "Net-(J3-Pad5)")
  (net 130 "Net-(J3-Pad4)")
  (net 131 "Net-(J3-Pad3)")
  (net 132 "Net-(J3-Pad2)")
  (net 133 "Net-(J3-Pad1)")
  (net 134 "Net-(J4-Pad1)")
  (net 135 "Net-(R2-Pad1)")
  (net 136 "Net-(R3-Pad1)")
  (net 137 "Net-(R4-Pad1)")
  (net 138 "Net-(R6-Pad1)")

  (net_class Default "This is the default net class."
    (clearance 0.2)
    (trace_width 0.25)
    (via_dia 0.8)
    (via_drill 0.4)
    (uvia_dia 0.3)
    (uvia_drill 0.1)
    (add_net /-VCC)
    (add_net /IN)
    (add_net /VCC)
    (add_net GND)
    (add_net "Net-(J1-Pad3)")
    (add_net "Net-(J1-Pad4)")
    (add_net "Net-(J2-Pad10)")
    (add_net "Net-(J2-Pad11)")
    (add_net "Net-(J2-Pad12)")
    (add_net "Net-(J2-Pad13)")
    (add_net "Net-(J2-Pad14)")
    (add_net "Net-(J2-Pad15)")
    (add_net "Net-(J2-Pad16)")
    (add_net "Net-(J2-Pad17)")
    (add_net "Net-(J2-Pad18)")
    (add_net "Net-(J2-Pad19)")
    (add_net "Net-(J2-Pad2)")
    (add_net "Net-(J2-Pad20)")
    (add_net "Net-(J2-Pad21)")
    (add_net "Net-(J2-Pad22)")
    (add_net "Net-(J2-Pad23)")
    (add_net "Net-(J2-Pad24)")
    (add_net "Net-(J2-Pad25)")
    (add_net "Net-(J2-Pad26)")
    (add_net "Net-(J2-Pad27)")
    (add_net "Net-(J2-Pad28)")
    (add_net "Net-(J2-Pad29)")
    (add_net "Net-(J2-Pad3)")
    (add_net "Net-(J2-Pad30)")
    (add_net "Net-(J2-Pad31)")
    (add_net "Net-(J2-Pad32)")
    (add_net "Net-(J2-Pad33)")
    (add_net "Net-(J2-Pad34)")
    (add_net "Net-(J2-Pad35)")
    (add_net "Net-(J2-Pad36)")
    (add_net "Net-(J2-Pad37)")
    (add_net "Net-(J2-Pad38)")
    (add_net "Net-(J2-Pad39)")
    (add_net "Net-(J2-Pad4)")
    (add_net "Net-(J2-Pad40)")
    (add_net "Net-(J2-Pad41)")
    (add_net "Net-(J2-Pad42)")
    (add_net "Net-(J2-Pad43)")
    (add_net "Net-(J2-Pad44)")
    (add_net "Net-(J2-Pad45)")
    (add_net "Net-(J2-Pad46)")
    (add_net "Net-(J2-Pad47)")
    (add_net "Net-(J2-Pad48)")
    (add_net "Net-(J2-Pad49)")
    (add_net "Net-(J2-Pad5)")
    (add_net "Net-(J2-Pad50)")
    (add_net "Net-(J2-Pad51)")
    (add_net "Net-(J2-Pad52)")
    (add_net "Net-(J2-Pad53)")
    (add_net "Net-(J2-Pad54)")
    (add_net "Net-(J2-Pad55)")
    (add_net "Net-(J2-Pad56)")
    (add_net "Net-(J2-Pad57)")
    (add_net "Net-(J2-Pad58)")
    (add_net "Net-(J2-Pad59)")
    (add_net "Net-(J2-Pad6)")
    (add_net "Net-(J2-Pad60)")
    (add_net "Net-(J2-Pad61)")
    (add_net "Net-(J2-Pad62)")
    (add_net "Net-(J2-Pad63)")
    (add_net "Net-(J2-Pad64)")
    (add_net "Net-(J2-Pad7)")
    (add_net "Net-(J2-Pad8)")
    (add_net "Net-(J2-Pad9)")
    (add_net "Net-(J3-Pad1)")
    (add_net "Net-(J3-Pad10)")
    (add_net "Net-(J3-Pad11)")
    (add_net "Net-(J3-Pad12)")
    (add_net "Net-(J3-Pad13)")
    (add_net "Net-(J3-Pad14)")
    (add_net "Net-(J3-Pad15)")
    (add_net "Net-(J3-Pad16)")
    (add_net "Net-(J3-Pad17)")
    (add_net "Net-(J3-Pad18)")
    (add_net "Net-(J3-Pad19)")
    (add_net "Net-(J3-Pad2)")
    (add_net "Net-(J3-Pad20)")
    (add_net "Net-(J3-Pad21)")
    (add_net "Net-(J3-Pad22)")
    (add_net "Net-(J3-Pad23)")
    (add_net "Net-(J3-Pad24)")
    (add_net "Net-(J3-Pad25)")
    (add_net "Net-(J3-Pad26)")
    (add_net "Net-(J3-Pad27)")
    (add_net "Net-(J3-Pad28)")
    (add_net "Net-(J3-Pad29)")
    (add_net "Net-(J3-Pad3)")
    (add_net "Net-(J3-Pad30)")
    (add_net "Net-(J3-Pad31)")
    (add_net "Net-(J3-Pad32)")
    (add_net "Net-(J3-Pad33)")
    (add_net "Net-(J3-Pad34)")
    (add_net "Net-(J3-Pad35)")
    (add_net "Net-(J3-Pad36)")
    (add_net "Net-(J3-Pad37)")
    (add_net "Net-(J3-Pad38)")
    (add_net "Net-(J3-Pad39)")
    (add_net "Net-(J3-Pad4)")
    (add_net "Net-(J3-Pad40)")
    (add_net "Net-(J3-Pad41)")
    (add_net "Net-(J3-Pad42)")
    (add_net "Net-(J3-Pad43)")
    (add_net "Net-(J3-Pad44)")
    (add_net "Net-(J3-Pad45)")
    (add_net "Net-(J3-Pad46)")
    (add_net "Net-(J3-Pad47)")
    (add_net "Net-(J3-Pad48)")
    (add_net "Net-(J3-Pad49)")
    (add_net "Net-(J3-Pad5)")
    (add_net "Net-(J3-Pad50)")
    (add_net "Net-(J3-Pad51)")
    (add_net "Net-(J3-Pad52)")
    (add_net "Net-(J3-Pad53)")
    (add_net "Net-(J3-Pad54)")
    (add_net "Net-(J3-Pad55)")
    (add_net "Net-(J3-Pad56)")
    (add_net "Net-(J3-Pad57)")
    (add_net "Net-(J3-Pad58)")
    (add_net "Net-(J3-Pad59)")
    (add_net "Net-(J3-Pad6)")
    (add_net "Net-(J3-Pad60)")
    (add_net "Net-(J3-Pad61)")
    (add_net "Net-(J3-Pad62)")
    (add_net "Net-(J3-Pad63)")
    (add_net "Net-(J3-Pad64)")
    (add_net "Net-(J3-Pad7)")
    (add_net "Net-(J3-Pad8)")
    (add_net "Net-(J3-Pad9)")
    (add_net "Net-(J4-Pad1)")
    (add_net "Net-(R2-Pad1)")
    (add_net "Net-(R3-Pad1)")
    (add_net "Net-(R4-Pad1)")
    (add_net "Net-(R6-Pad1)")
  )

  (module Capacitor_SMD:C_1206_3216Metric (layer F.Cu) (tedit 5F68FEEE) (tstamp 60E6901E)
    (at 110.275001 154.855001)
    (descr "Capacitor SMD 1206 (3216 Metric), square (rectangular) end terminal, IPC_7351 nominal, (Body size source: IPC-SM-782 page 76, https://www.pcb-3d.com/wordpress/wp-content/uploads/ipc-sm-782a_amendment_1_and_2.pdf), generated with kicad-footprint-generator")
    (tags capacitor)
    (path /60BF91AB)
    (attr smd)
    (fp_text reference C1 (at 0 -1.85) (layer F.SilkS)
      (effects (font (size 1 1) (thickness 0.15)))
    )
    (fp_text value "100 pF" (at 0 1.85) (layer F.Fab)
      (effects (font (size 1 1) (thickness 0.15)))
    )
    (fp_text user %R (at 0 0) (layer F.Fab)
      (effects (font (size 0.8 0.8) (thickness 0.12)))
    )
    (fp_line (start -1.6 0.8) (end -1.6 -0.8) (layer F.Fab) (width 0.1))
    (fp_line (start -1.6 -0.8) (end 1.6 -0.8) (layer F.Fab) (width 0.1))
    (fp_line (start 1.6 -0.8) (end 1.6 0.8) (layer F.Fab) (width 0.1))
    (fp_line (start 1.6 0.8) (end -1.6 0.8) (layer F.Fab) (width 0.1))
    (fp_line (start -0.711252 -0.91) (end 0.711252 -0.91) (layer F.SilkS) (width 0.12))
    (fp_line (start -0.711252 0.91) (end 0.711252 0.91) (layer F.SilkS) (width 0.12))
    (fp_line (start -2.3 1.15) (end -2.3 -1.15) (layer F.CrtYd) (width 0.05))
    (fp_line (start -2.3 -1.15) (end 2.3 -1.15) (layer F.CrtYd) (width 0.05))
    (fp_line (start 2.3 -1.15) (end 2.3 1.15) (layer F.CrtYd) (width 0.05))
    (fp_line (start 2.3 1.15) (end -2.3 1.15) (layer F.CrtYd) (width 0.05))
    (pad 2 smd roundrect (at 1.475 0) (size 1.15 1.8) (layers F.Cu F.Paste F.Mask) (roundrect_rratio 0.217391)
      (net 1 /VCC))
    (pad 1 smd roundrect (at -1.475 0) (size 1.15 1.8) (layers F.Cu F.Paste F.Mask) (roundrect_rratio 0.217391)
      (net 2 GND))
    (model ${KISYS3DMOD}/Capacitor_SMD.3dshapes/C_1206_3216Metric.wrl
      (at (xyz 0 0 0))
      (scale (xyz 1 1 1))
      (rotate (xyz 0 0 0))
    )
  )

  (module Capacitor_SMD:C_1206_3216Metric (layer F.Cu) (tedit 5F68FEEE) (tstamp 60E6902F)
    (at 137.625001 103.635001)
    (descr "Capacitor SMD 1206 (3216 Metric), square (rectangular) end terminal, IPC_7351 nominal, (Body size source: IPC-SM-782 page 76, https://www.pcb-3d.com/wordpress/wp-content/uploads/ipc-sm-782a_amendment_1_and_2.pdf), generated with kicad-footprint-generator")
    (tags capacitor)
    (path /60BF9D8B)
    (attr smd)
    (fp_text reference C2 (at 0 -1.85) (layer F.SilkS)
      (effects (font (size 1 1) (thickness 0.15)))
    )
    (fp_text value "100 pF" (at 0 1.85) (layer F.Fab)
      (effects (font (size 1 1) (thickness 0.15)))
    )
    (fp_line (start 2.3 1.15) (end -2.3 1.15) (layer F.CrtYd) (width 0.05))
    (fp_line (start 2.3 -1.15) (end 2.3 1.15) (layer F.CrtYd) (width 0.05))
    (fp_line (start -2.3 -1.15) (end 2.3 -1.15) (layer F.CrtYd) (width 0.05))
    (fp_line (start -2.3 1.15) (end -2.3 -1.15) (layer F.CrtYd) (width 0.05))
    (fp_line (start -0.711252 0.91) (end 0.711252 0.91) (layer F.SilkS) (width 0.12))
    (fp_line (start -0.711252 -0.91) (end 0.711252 -0.91) (layer F.SilkS) (width 0.12))
    (fp_line (start 1.6 0.8) (end -1.6 0.8) (layer F.Fab) (width 0.1))
    (fp_line (start 1.6 -0.8) (end 1.6 0.8) (layer F.Fab) (width 0.1))
    (fp_line (start -1.6 -0.8) (end 1.6 -0.8) (layer F.Fab) (width 0.1))
    (fp_line (start -1.6 0.8) (end -1.6 -0.8) (layer F.Fab) (width 0.1))
    (fp_text user %R (at 0 0) (layer F.Fab)
      (effects (font (size 0.8 0.8) (thickness 0.12)))
    )
    (pad 1 smd roundrect (at -1.475 0) (size 1.15 1.8) (layers F.Cu F.Paste F.Mask) (roundrect_rratio 0.217391)
      (net 3 /-VCC))
    (pad 2 smd roundrect (at 1.475 0) (size 1.15 1.8) (layers F.Cu F.Paste F.Mask) (roundrect_rratio 0.217391)
      (net 2 GND))
    (model ${KISYS3DMOD}/Capacitor_SMD.3dshapes/C_1206_3216Metric.wrl
      (at (xyz 0 0 0))
      (scale (xyz 1 1 1))
      (rotate (xyz 0 0 0))
    )
  )

  (module Capacitor_SMD:C_1206_3216Metric (layer F.Cu) (tedit 5F68FEEE) (tstamp 60E69040)
    (at 131.975001 104.405001)
    (descr "Capacitor SMD 1206 (3216 Metric), square (rectangular) end terminal, IPC_7351 nominal, (Body size source: IPC-SM-782 page 76, https://www.pcb-3d.com/wordpress/wp-content/uploads/ipc-sm-782a_amendment_1_and_2.pdf), generated with kicad-footprint-generator")
    (tags capacitor)
    (path /60E6B58E)
    (attr smd)
    (fp_text reference C3 (at 0 -1.85) (layer F.SilkS)
      (effects (font (size 1 1) (thickness 0.15)))
    )
    (fp_text value "0.1 uF" (at 0 1.85) (layer F.Fab)
      (effects (font (size 1 1) (thickness 0.15)))
    )
    (fp_text user %R (at 0 0) (layer F.Fab)
      (effects (font (size 0.8 0.8) (thickness 0.12)))
    )
    (fp_line (start -1.6 0.8) (end -1.6 -0.8) (layer F.Fab) (width 0.1))
    (fp_line (start -1.6 -0.8) (end 1.6 -0.8) (layer F.Fab) (width 0.1))
    (fp_line (start 1.6 -0.8) (end 1.6 0.8) (layer F.Fab) (width 0.1))
    (fp_line (start 1.6 0.8) (end -1.6 0.8) (layer F.Fab) (width 0.1))
    (fp_line (start -0.711252 -0.91) (end 0.711252 -0.91) (layer F.SilkS) (width 0.12))
    (fp_line (start -0.711252 0.91) (end 0.711252 0.91) (layer F.SilkS) (width 0.12))
    (fp_line (start -2.3 1.15) (end -2.3 -1.15) (layer F.CrtYd) (width 0.05))
    (fp_line (start -2.3 -1.15) (end 2.3 -1.15) (layer F.CrtYd) (width 0.05))
    (fp_line (start 2.3 -1.15) (end 2.3 1.15) (layer F.CrtYd) (width 0.05))
    (fp_line (start 2.3 1.15) (end -2.3 1.15) (layer F.CrtYd) (width 0.05))
    (pad 2 smd roundrect (at 1.475 0) (size 1.15 1.8) (layers F.Cu F.Paste F.Mask) (roundrect_rratio 0.217391)
      (net 1 /VCC))
    (pad 1 smd roundrect (at -1.475 0) (size 1.15 1.8) (layers F.Cu F.Paste F.Mask) (roundrect_rratio 0.217391)
      (net 2 GND))
    (model ${KISYS3DMOD}/Capacitor_SMD.3dshapes/C_1206_3216Metric.wrl
      (at (xyz 0 0 0))
      (scale (xyz 1 1 1))
      (rotate (xyz 0 0 0))
    )
  )

  (module Capacitor_SMD:C_1206_3216Metric (layer F.Cu) (tedit 5F68FEEE) (tstamp 60E69051)
    (at 131.975001 101.055001)
    (descr "Capacitor SMD 1206 (3216 Metric), square (rectangular) end terminal, IPC_7351 nominal, (Body size source: IPC-SM-782 page 76, https://www.pcb-3d.com/wordpress/wp-content/uploads/ipc-sm-782a_amendment_1_and_2.pdf), generated with kicad-footprint-generator")
    (tags capacitor)
    (path /60E734C1)
    (attr smd)
    (fp_text reference C4 (at 0 -1.85) (layer F.SilkS)
      (effects (font (size 1 1) (thickness 0.15)))
    )
    (fp_text value "0.1 uF" (at 0 1.85) (layer F.Fab)
      (effects (font (size 1 1) (thickness 0.15)))
    )
    (fp_line (start 2.3 1.15) (end -2.3 1.15) (layer F.CrtYd) (width 0.05))
    (fp_line (start 2.3 -1.15) (end 2.3 1.15) (layer F.CrtYd) (width 0.05))
    (fp_line (start -2.3 -1.15) (end 2.3 -1.15) (layer F.CrtYd) (width 0.05))
    (fp_line (start -2.3 1.15) (end -2.3 -1.15) (layer F.CrtYd) (width 0.05))
    (fp_line (start -0.711252 0.91) (end 0.711252 0.91) (layer F.SilkS) (width 0.12))
    (fp_line (start -0.711252 -0.91) (end 0.711252 -0.91) (layer F.SilkS) (width 0.12))
    (fp_line (start 1.6 0.8) (end -1.6 0.8) (layer F.Fab) (width 0.1))
    (fp_line (start 1.6 -0.8) (end 1.6 0.8) (layer F.Fab) (width 0.1))
    (fp_line (start -1.6 -0.8) (end 1.6 -0.8) (layer F.Fab) (width 0.1))
    (fp_line (start -1.6 0.8) (end -1.6 -0.8) (layer F.Fab) (width 0.1))
    (fp_text user %R (at 0 0) (layer F.Fab)
      (effects (font (size 0.8 0.8) (thickness 0.12)))
    )
    (pad 1 smd roundrect (at -1.475 0) (size 1.15 1.8) (layers F.Cu F.Paste F.Mask) (roundrect_rratio 0.217391)
      (net 3 /-VCC))
    (pad 2 smd roundrect (at 1.475 0) (size 1.15 1.8) (layers F.Cu F.Paste F.Mask) (roundrect_rratio 0.217391)
      (net 2 GND))
    (model ${KISYS3DMOD}/Capacitor_SMD.3dshapes/C_1206_3216Metric.wrl
      (at (xyz 0 0 0))
      (scale (xyz 1 1 1))
      (rotate (xyz 0 0 0))
    )
  )

  (module Capacitor_SMD:C_1206_3216Metric (layer F.Cu) (tedit 5F68FEEE) (tstamp 60E69062)
    (at 139.925001 100.285001)
    (descr "Capacitor SMD 1206 (3216 Metric), square (rectangular) end terminal, IPC_7351 nominal, (Body size source: IPC-SM-782 page 76, https://www.pcb-3d.com/wordpress/wp-content/uploads/ipc-sm-782a_amendment_1_and_2.pdf), generated with kicad-footprint-generator")
    (tags capacitor)
    (path /60E746E9)
    (attr smd)
    (fp_text reference C5 (at 0 -1.85) (layer F.SilkS)
      (effects (font (size 1 1) (thickness 0.15)))
    )
    (fp_text value "100 pF" (at 0 1.85) (layer F.Fab)
      (effects (font (size 1 1) (thickness 0.15)))
    )
    (fp_text user %R (at 0 0) (layer F.Fab)
      (effects (font (size 0.8 0.8) (thickness 0.12)))
    )
    (fp_line (start -1.6 0.8) (end -1.6 -0.8) (layer F.Fab) (width 0.1))
    (fp_line (start -1.6 -0.8) (end 1.6 -0.8) (layer F.Fab) (width 0.1))
    (fp_line (start 1.6 -0.8) (end 1.6 0.8) (layer F.Fab) (width 0.1))
    (fp_line (start 1.6 0.8) (end -1.6 0.8) (layer F.Fab) (width 0.1))
    (fp_line (start -0.711252 -0.91) (end 0.711252 -0.91) (layer F.SilkS) (width 0.12))
    (fp_line (start -0.711252 0.91) (end 0.711252 0.91) (layer F.SilkS) (width 0.12))
    (fp_line (start -2.3 1.15) (end -2.3 -1.15) (layer F.CrtYd) (width 0.05))
    (fp_line (start -2.3 -1.15) (end 2.3 -1.15) (layer F.CrtYd) (width 0.05))
    (fp_line (start 2.3 -1.15) (end 2.3 1.15) (layer F.CrtYd) (width 0.05))
    (fp_line (start 2.3 1.15) (end -2.3 1.15) (layer F.CrtYd) (width 0.05))
    (pad 2 smd roundrect (at 1.475 0) (size 1.15 1.8) (layers F.Cu F.Paste F.Mask) (roundrect_rratio 0.217391)
      (net 1 /VCC))
    (pad 1 smd roundrect (at -1.475 0) (size 1.15 1.8) (layers F.Cu F.Paste F.Mask) (roundrect_rratio 0.217391)
      (net 2 GND))
    (model ${KISYS3DMOD}/Capacitor_SMD.3dshapes/C_1206_3216Metric.wrl
      (at (xyz 0 0 0))
      (scale (xyz 1 1 1))
      (rotate (xyz 0 0 0))
    )
  )

  (module Capacitor_SMD:C_1206_3216Metric (layer F.Cu) (tedit 5F68FEEE) (tstamp 60E69073)
    (at 145.575001 95.255001)
    (descr "Capacitor SMD 1206 (3216 Metric), square (rectangular) end terminal, IPC_7351 nominal, (Body size source: IPC-SM-782 page 76, https://www.pcb-3d.com/wordpress/wp-content/uploads/ipc-sm-782a_amendment_1_and_2.pdf), generated with kicad-footprint-generator")
    (tags capacitor)
    (path /60E746EF)
    (attr smd)
    (fp_text reference C6 (at 0 -1.85) (layer F.SilkS)
      (effects (font (size 1 1) (thickness 0.15)))
    )
    (fp_text value "100 pF" (at 0 1.85) (layer F.Fab)
      (effects (font (size 1 1) (thickness 0.15)))
    )
    (fp_line (start 2.3 1.15) (end -2.3 1.15) (layer F.CrtYd) (width 0.05))
    (fp_line (start 2.3 -1.15) (end 2.3 1.15) (layer F.CrtYd) (width 0.05))
    (fp_line (start -2.3 -1.15) (end 2.3 -1.15) (layer F.CrtYd) (width 0.05))
    (fp_line (start -2.3 1.15) (end -2.3 -1.15) (layer F.CrtYd) (width 0.05))
    (fp_line (start -0.711252 0.91) (end 0.711252 0.91) (layer F.SilkS) (width 0.12))
    (fp_line (start -0.711252 -0.91) (end 0.711252 -0.91) (layer F.SilkS) (width 0.12))
    (fp_line (start 1.6 0.8) (end -1.6 0.8) (layer F.Fab) (width 0.1))
    (fp_line (start 1.6 -0.8) (end 1.6 0.8) (layer F.Fab) (width 0.1))
    (fp_line (start -1.6 -0.8) (end 1.6 -0.8) (layer F.Fab) (width 0.1))
    (fp_line (start -1.6 0.8) (end -1.6 -0.8) (layer F.Fab) (width 0.1))
    (fp_text user %R (at 0 0) (layer F.Fab)
      (effects (font (size 0.8 0.8) (thickness 0.12)))
    )
    (pad 1 smd roundrect (at -1.475 0) (size 1.15 1.8) (layers F.Cu F.Paste F.Mask) (roundrect_rratio 0.217391)
      (net 3 /-VCC))
    (pad 2 smd roundrect (at 1.475 0) (size 1.15 1.8) (layers F.Cu F.Paste F.Mask) (roundrect_rratio 0.217391)
      (net 2 GND))
    (model ${KISYS3DMOD}/Capacitor_SMD.3dshapes/C_1206_3216Metric.wrl
      (at (xyz 0 0 0))
      (scale (xyz 1 1 1))
      (rotate (xyz 0 0 0))
    )
  )

  (module Capacitor_SMD:C_1206_3216Metric (layer F.Cu) (tedit 5F68FEEE) (tstamp 60E69084)
    (at 139.925001 96.935001)
    (descr "Capacitor SMD 1206 (3216 Metric), square (rectangular) end terminal, IPC_7351 nominal, (Body size source: IPC-SM-782 page 76, https://www.pcb-3d.com/wordpress/wp-content/uploads/ipc-sm-782a_amendment_1_and_2.pdf), generated with kicad-footprint-generator")
    (tags capacitor)
    (path /60E74711)
    (attr smd)
    (fp_text reference C7 (at 0 -1.85) (layer F.SilkS)
      (effects (font (size 1 1) (thickness 0.15)))
    )
    (fp_text value "0.1 uF" (at 0 1.85) (layer F.Fab)
      (effects (font (size 1 1) (thickness 0.15)))
    )
    (fp_text user %R (at 0 0) (layer F.Fab)
      (effects (font (size 0.8 0.8) (thickness 0.12)))
    )
    (fp_line (start -1.6 0.8) (end -1.6 -0.8) (layer F.Fab) (width 0.1))
    (fp_line (start -1.6 -0.8) (end 1.6 -0.8) (layer F.Fab) (width 0.1))
    (fp_line (start 1.6 -0.8) (end 1.6 0.8) (layer F.Fab) (width 0.1))
    (fp_line (start 1.6 0.8) (end -1.6 0.8) (layer F.Fab) (width 0.1))
    (fp_line (start -0.711252 -0.91) (end 0.711252 -0.91) (layer F.SilkS) (width 0.12))
    (fp_line (start -0.711252 0.91) (end 0.711252 0.91) (layer F.SilkS) (width 0.12))
    (fp_line (start -2.3 1.15) (end -2.3 -1.15) (layer F.CrtYd) (width 0.05))
    (fp_line (start -2.3 -1.15) (end 2.3 -1.15) (layer F.CrtYd) (width 0.05))
    (fp_line (start 2.3 -1.15) (end 2.3 1.15) (layer F.CrtYd) (width 0.05))
    (fp_line (start 2.3 1.15) (end -2.3 1.15) (layer F.CrtYd) (width 0.05))
    (pad 2 smd roundrect (at 1.475 0) (size 1.15 1.8) (layers F.Cu F.Paste F.Mask) (roundrect_rratio 0.217391)
      (net 1 /VCC))
    (pad 1 smd roundrect (at -1.475 0) (size 1.15 1.8) (layers F.Cu F.Paste F.Mask) (roundrect_rratio 0.217391)
      (net 2 GND))
    (model ${KISYS3DMOD}/Capacitor_SMD.3dshapes/C_1206_3216Metric.wrl
      (at (xyz 0 0 0))
      (scale (xyz 1 1 1))
      (rotate (xyz 0 0 0))
    )
  )

  (module Capacitor_SMD:C_1206_3216Metric (layer F.Cu) (tedit 5F68FEEE) (tstamp 60E69095)
    (at 164.955001 88.805001)
    (descr "Capacitor SMD 1206 (3216 Metric), square (rectangular) end terminal, IPC_7351 nominal, (Body size source: IPC-SM-782 page 76, https://www.pcb-3d.com/wordpress/wp-content/uploads/ipc-sm-782a_amendment_1_and_2.pdf), generated with kicad-footprint-generator")
    (tags capacitor)
    (path /60E7471F)
    (attr smd)
    (fp_text reference C8 (at 0 -1.85) (layer F.SilkS)
      (effects (font (size 1 1) (thickness 0.15)))
    )
    (fp_text value "0.1 uF" (at 0 1.85) (layer F.Fab)
      (effects (font (size 1 1) (thickness 0.15)))
    )
    (fp_line (start 2.3 1.15) (end -2.3 1.15) (layer F.CrtYd) (width 0.05))
    (fp_line (start 2.3 -1.15) (end 2.3 1.15) (layer F.CrtYd) (width 0.05))
    (fp_line (start -2.3 -1.15) (end 2.3 -1.15) (layer F.CrtYd) (width 0.05))
    (fp_line (start -2.3 1.15) (end -2.3 -1.15) (layer F.CrtYd) (width 0.05))
    (fp_line (start -0.711252 0.91) (end 0.711252 0.91) (layer F.SilkS) (width 0.12))
    (fp_line (start -0.711252 -0.91) (end 0.711252 -0.91) (layer F.SilkS) (width 0.12))
    (fp_line (start 1.6 0.8) (end -1.6 0.8) (layer F.Fab) (width 0.1))
    (fp_line (start 1.6 -0.8) (end 1.6 0.8) (layer F.Fab) (width 0.1))
    (fp_line (start -1.6 -0.8) (end 1.6 -0.8) (layer F.Fab) (width 0.1))
    (fp_line (start -1.6 0.8) (end -1.6 -0.8) (layer F.Fab) (width 0.1))
    (fp_text user %R (at 0 0) (layer F.Fab)
      (effects (font (size 0.8 0.8) (thickness 0.12)))
    )
    (pad 1 smd roundrect (at -1.475 0) (size 1.15 1.8) (layers F.Cu F.Paste F.Mask) (roundrect_rratio 0.217391)
      (net 3 /-VCC))
    (pad 2 smd roundrect (at 1.475 0) (size 1.15 1.8) (layers F.Cu F.Paste F.Mask) (roundrect_rratio 0.217391)
      (net 2 GND))
    (model ${KISYS3DMOD}/Capacitor_SMD.3dshapes/C_1206_3216Metric.wrl
      (at (xyz 0 0 0))
      (scale (xyz 1 1 1))
      (rotate (xyz 0 0 0))
    )
  )

  (module Connector_PinHeader_2.54mm:PinHeader_1x04_P2.54mm_Vertical_SMD_Pin1Left (layer F.Cu) (tedit 59FED5CC) (tstamp 60E690BC)
    (at 133.125001 93.255001)
    (descr "surface-mounted straight pin header, 1x04, 2.54mm pitch, single row, style 1 (pin 1 left)")
    (tags "Surface mounted pin header SMD 1x04 2.54mm single row style1 pin1 left")
    (path /60E64FCD)
    (attr smd)
    (fp_text reference J1 (at 0 -6.14) (layer F.SilkS)
      (effects (font (size 1 1) (thickness 0.15)))
    )
    (fp_text value Conn_01x04 (at 0 6.14) (layer F.Fab)
      (effects (font (size 1 1) (thickness 0.15)))
    )
    (fp_line (start 3.45 -5.6) (end -3.45 -5.6) (layer F.CrtYd) (width 0.05))
    (fp_line (start 3.45 5.6) (end 3.45 -5.6) (layer F.CrtYd) (width 0.05))
    (fp_line (start -3.45 5.6) (end 3.45 5.6) (layer F.CrtYd) (width 0.05))
    (fp_line (start -3.45 -5.6) (end -3.45 5.6) (layer F.CrtYd) (width 0.05))
    (fp_line (start -1.33 2.03) (end -1.33 5.14) (layer F.SilkS) (width 0.12))
    (fp_line (start -1.33 -3.05) (end -1.33 0.51) (layer F.SilkS) (width 0.12))
    (fp_line (start 1.33 -0.51) (end 1.33 3.05) (layer F.SilkS) (width 0.12))
    (fp_line (start 1.33 4.57) (end 1.33 5.14) (layer F.SilkS) (width 0.12))
    (fp_line (start -1.33 -5.14) (end -1.33 -4.57) (layer F.SilkS) (width 0.12))
    (fp_line (start -1.33 -4.57) (end -2.85 -4.57) (layer F.SilkS) (width 0.12))
    (fp_line (start 1.33 -5.14) (end 1.33 -2.03) (layer F.SilkS) (width 0.12))
    (fp_line (start -1.33 5.14) (end 1.33 5.14) (layer F.SilkS) (width 0.12))
    (fp_line (start -1.33 -5.14) (end 1.33 -5.14) (layer F.SilkS) (width 0.12))
    (fp_line (start 2.54 4.13) (end 1.27 4.13) (layer F.Fab) (width 0.1))
    (fp_line (start 2.54 3.49) (end 2.54 4.13) (layer F.Fab) (width 0.1))
    (fp_line (start 1.27 3.49) (end 2.54 3.49) (layer F.Fab) (width 0.1))
    (fp_line (start 2.54 -0.95) (end 1.27 -0.95) (layer F.Fab) (width 0.1))
    (fp_line (start 2.54 -1.59) (end 2.54 -0.95) (layer F.Fab) (width 0.1))
    (fp_line (start 1.27 -1.59) (end 2.54 -1.59) (layer F.Fab) (width 0.1))
    (fp_line (start -2.54 1.59) (end -1.27 1.59) (layer F.Fab) (width 0.1))
    (fp_line (start -2.54 0.95) (end -2.54 1.59) (layer F.Fab) (width 0.1))
    (fp_line (start -1.27 0.95) (end -2.54 0.95) (layer F.Fab) (width 0.1))
    (fp_line (start -2.54 -3.49) (end -1.27 -3.49) (layer F.Fab) (width 0.1))
    (fp_line (start -2.54 -4.13) (end -2.54 -3.49) (layer F.Fab) (width 0.1))
    (fp_line (start -1.27 -4.13) (end -2.54 -4.13) (layer F.Fab) (width 0.1))
    (fp_line (start 1.27 -5.08) (end 1.27 5.08) (layer F.Fab) (width 0.1))
    (fp_line (start -1.27 -4.13) (end -0.32 -5.08) (layer F.Fab) (width 0.1))
    (fp_line (start -1.27 5.08) (end -1.27 -4.13) (layer F.Fab) (width 0.1))
    (fp_line (start -0.32 -5.08) (end 1.27 -5.08) (layer F.Fab) (width 0.1))
    (fp_line (start 1.27 5.08) (end -1.27 5.08) (layer F.Fab) (width 0.1))
    (fp_text user %R (at 0 0 90) (layer F.Fab)
      (effects (font (size 1 1) (thickness 0.15)))
    )
    (pad 1 smd rect (at -1.655 -3.81) (size 2.51 1) (layers F.Cu F.Paste F.Mask)
      (net 1 /VCC))
    (pad 3 smd rect (at -1.655 1.27) (size 2.51 1) (layers F.Cu F.Paste F.Mask)
      (net 4 "Net-(J1-Pad3)"))
    (pad 2 smd rect (at 1.655 -1.27) (size 2.51 1) (layers F.Cu F.Paste F.Mask)
      (net 3 /-VCC))
    (pad 4 smd rect (at 1.655 3.81) (size 2.51 1) (layers F.Cu F.Paste F.Mask)
      (net 5 "Net-(J1-Pad4)"))
    (model ${KISYS3DMOD}/Connector_PinHeader_2.54mm.3dshapes/PinHeader_1x04_P2.54mm_Vertical_SMD_Pin1Left.wrl
      (at (xyz 0 0 0))
      (scale (xyz 1 1 1))
      (rotate (xyz 0 0 0))
    )
  )

  (module Connector_PinHeader_2.00mm:PinHeader_2x32_P2.00mm_Vertical_SMD (layer F.Cu) (tedit 59FED667) (tstamp 60E6920F)
    (at 112.875001 120.155001)
    (descr "surface-mounted straight pin header, 2x32, 2.00mm pitch, double rows")
    (tags "Surface mounted pin header SMD 2x32 2.00mm double row")
    (path /60E62E77)
    (attr smd)
    (fp_text reference J2 (at 0 -33.06) (layer F.SilkS)
      (effects (font (size 1 1) (thickness 0.15)))
    )
    (fp_text value Conn_02x32_Odd_Even (at 0 33.06) (layer F.Fab)
      (effects (font (size 1 1) (thickness 0.15)))
    )
    (fp_line (start 4.9 -32.5) (end -4.9 -32.5) (layer F.CrtYd) (width 0.05))
    (fp_line (start 4.9 32.5) (end 4.9 -32.5) (layer F.CrtYd) (width 0.05))
    (fp_line (start -4.9 32.5) (end 4.9 32.5) (layer F.CrtYd) (width 0.05))
    (fp_line (start -4.9 -32.5) (end -4.9 32.5) (layer F.CrtYd) (width 0.05))
    (fp_line (start 2.06 29.76) (end 2.06 30.24) (layer F.SilkS) (width 0.12))
    (fp_line (start -2.06 29.76) (end -2.06 30.24) (layer F.SilkS) (width 0.12))
    (fp_line (start 2.06 27.76) (end 2.06 28.24) (layer F.SilkS) (width 0.12))
    (fp_line (start -2.06 27.76) (end -2.06 28.24) (layer F.SilkS) (width 0.12))
    (fp_line (start 2.06 25.76) (end 2.06 26.24) (layer F.SilkS) (width 0.12))
    (fp_line (start -2.06 25.76) (end -2.06 26.24) (layer F.SilkS) (width 0.12))
    (fp_line (start 2.06 23.76) (end 2.06 24.24) (layer F.SilkS) (width 0.12))
    (fp_line (start -2.06 23.76) (end -2.06 24.24) (layer F.SilkS) (width 0.12))
    (fp_line (start 2.06 21.76) (end 2.06 22.24) (layer F.SilkS) (width 0.12))
    (fp_line (start -2.06 21.76) (end -2.06 22.24) (layer F.SilkS) (width 0.12))
    (fp_line (start 2.06 19.76) (end 2.06 20.24) (layer F.SilkS) (width 0.12))
    (fp_line (start -2.06 19.76) (end -2.06 20.24) (layer F.SilkS) (width 0.12))
    (fp_line (start 2.06 17.76) (end 2.06 18.24) (layer F.SilkS) (width 0.12))
    (fp_line (start -2.06 17.76) (end -2.06 18.24) (layer F.SilkS) (width 0.12))
    (fp_line (start 2.06 15.76) (end 2.06 16.24) (layer F.SilkS) (width 0.12))
    (fp_line (start -2.06 15.76) (end -2.06 16.24) (layer F.SilkS) (width 0.12))
    (fp_line (start 2.06 13.76) (end 2.06 14.24) (layer F.SilkS) (width 0.12))
    (fp_line (start -2.06 13.76) (end -2.06 14.24) (layer F.SilkS) (width 0.12))
    (fp_line (start 2.06 11.76) (end 2.06 12.24) (layer F.SilkS) (width 0.12))
    (fp_line (start -2.06 11.76) (end -2.06 12.24) (layer F.SilkS) (width 0.12))
    (fp_line (start 2.06 9.76) (end 2.06 10.24) (layer F.SilkS) (width 0.12))
    (fp_line (start -2.06 9.76) (end -2.06 10.24) (layer F.SilkS) (width 0.12))
    (fp_line (start 2.06 7.76) (end 2.06 8.24) (layer F.SilkS) (width 0.12))
    (fp_line (start -2.06 7.76) (end -2.06 8.24) (layer F.SilkS) (width 0.12))
    (fp_line (start 2.06 5.76) (end 2.06 6.24) (layer F.SilkS) (width 0.12))
    (fp_line (start -2.06 5.76) (end -2.06 6.24) (layer F.SilkS) (width 0.12))
    (fp_line (start 2.06 3.76) (end 2.06 4.24) (layer F.SilkS) (width 0.12))
    (fp_line (start -2.06 3.76) (end -2.06 4.24) (layer F.SilkS) (width 0.12))
    (fp_line (start 2.06 1.76) (end 2.06 2.24) (layer F.SilkS) (width 0.12))
    (fp_line (start -2.06 1.76) (end -2.06 2.24) (layer F.SilkS) (width 0.12))
    (fp_line (start 2.06 -0.24) (end 2.06 0.24) (layer F.SilkS) (width 0.12))
    (fp_line (start -2.06 -0.24) (end -2.06 0.24) (layer F.SilkS) (width 0.12))
    (fp_line (start 2.06 -2.24) (end 2.06 -1.76) (layer F.SilkS) (width 0.12))
    (fp_line (start -2.06 -2.24) (end -2.06 -1.76) (layer F.SilkS) (width 0.12))
    (fp_line (start 2.06 -4.24) (end 2.06 -3.76) (layer F.SilkS) (width 0.12))
    (fp_line (start -2.06 -4.24) (end -2.06 -3.76) (layer F.SilkS) (width 0.12))
    (fp_line (start 2.06 -6.24) (end 2.06 -5.76) (layer F.SilkS) (width 0.12))
    (fp_line (start -2.06 -6.24) (end -2.06 -5.76) (layer F.SilkS) (width 0.12))
    (fp_line (start 2.06 -8.24) (end 2.06 -7.76) (layer F.SilkS) (width 0.12))
    (fp_line (start -2.06 -8.24) (end -2.06 -7.76) (layer F.SilkS) (width 0.12))
    (fp_line (start 2.06 -10.24) (end 2.06 -9.76) (layer F.SilkS) (width 0.12))
    (fp_line (start -2.06 -10.24) (end -2.06 -9.76) (layer F.SilkS) (width 0.12))
    (fp_line (start 2.06 -12.24) (end 2.06 -11.76) (layer F.SilkS) (width 0.12))
    (fp_line (start -2.06 -12.24) (end -2.06 -11.76) (layer F.SilkS) (width 0.12))
    (fp_line (start 2.06 -14.24) (end 2.06 -13.76) (layer F.SilkS) (width 0.12))
    (fp_line (start -2.06 -14.24) (end -2.06 -13.76) (layer F.SilkS) (width 0.12))
    (fp_line (start 2.06 -16.24) (end 2.06 -15.76) (layer F.SilkS) (width 0.12))
    (fp_line (start -2.06 -16.24) (end -2.06 -15.76) (layer F.SilkS) (width 0.12))
    (fp_line (start 2.06 -18.24) (end 2.06 -17.76) (layer F.SilkS) (width 0.12))
    (fp_line (start -2.06 -18.24) (end -2.06 -17.76) (layer F.SilkS) (width 0.12))
    (fp_line (start 2.06 -20.24) (end 2.06 -19.76) (layer F.SilkS) (width 0.12))
    (fp_line (start -2.06 -20.24) (end -2.06 -19.76) (layer F.SilkS) (width 0.12))
    (fp_line (start 2.06 -22.24) (end 2.06 -21.76) (layer F.SilkS) (width 0.12))
    (fp_line (start -2.06 -22.24) (end -2.06 -21.76) (layer F.SilkS) (width 0.12))
    (fp_line (start 2.06 -24.24) (end 2.06 -23.76) (layer F.SilkS) (width 0.12))
    (fp_line (start -2.06 -24.24) (end -2.06 -23.76) (layer F.SilkS) (width 0.12))
    (fp_line (start 2.06 -26.24) (end 2.06 -25.76) (layer F.SilkS) (width 0.12))
    (fp_line (start -2.06 -26.24) (end -2.06 -25.76) (layer F.SilkS) (width 0.12))
    (fp_line (start 2.06 -28.24) (end 2.06 -27.76) (layer F.SilkS) (width 0.12))
    (fp_line (start -2.06 -28.24) (end -2.06 -27.76) (layer F.SilkS) (width 0.12))
    (fp_line (start 2.06 -30.24) (end 2.06 -29.76) (layer F.SilkS) (width 0.12))
    (fp_line (start -2.06 -30.24) (end -2.06 -29.76) (layer F.SilkS) (width 0.12))
    (fp_line (start 2.06 31.76) (end 2.06 32.06) (layer F.SilkS) (width 0.12))
    (fp_line (start -2.06 31.76) (end -2.06 32.06) (layer F.SilkS) (width 0.12))
    (fp_line (start 2.06 -32.06) (end 2.06 -31.76) (layer F.SilkS) (width 0.12))
    (fp_line (start -2.06 -32.06) (end -2.06 -31.76) (layer F.SilkS) (width 0.12))
    (fp_line (start -3.315 -31.76) (end -2.06 -31.76) (layer F.SilkS) (width 0.12))
    (fp_line (start -2.06 32.06) (end 2.06 32.06) (layer F.SilkS) (width 0.12))
    (fp_line (start -2.06 -32.06) (end 2.06 -32.06) (layer F.SilkS) (width 0.12))
    (fp_line (start 2.875 31.25) (end 2 31.25) (layer F.Fab) (width 0.1))
    (fp_line (start 2.875 30.75) (end 2.875 31.25) (layer F.Fab) (width 0.1))
    (fp_line (start 2 30.75) (end 2.875 30.75) (layer F.Fab) (width 0.1))
    (fp_line (start -2.875 31.25) (end -2 31.25) (layer F.Fab) (width 0.1))
    (fp_line (start -2.875 30.75) (end -2.875 31.25) (layer F.Fab) (width 0.1))
    (fp_line (start -2 30.75) (end -2.875 30.75) (layer F.Fab) (width 0.1))
    (fp_line (start 2.875 29.25) (end 2 29.25) (layer F.Fab) (width 0.1))
    (fp_line (start 2.875 28.75) (end 2.875 29.25) (layer F.Fab) (width 0.1))
    (fp_line (start 2 28.75) (end 2.875 28.75) (layer F.Fab) (width 0.1))
    (fp_line (start -2.875 29.25) (end -2 29.25) (layer F.Fab) (width 0.1))
    (fp_line (start -2.875 28.75) (end -2.875 29.25) (layer F.Fab) (width 0.1))
    (fp_line (start -2 28.75) (end -2.875 28.75) (layer F.Fab) (width 0.1))
    (fp_line (start 2.875 27.25) (end 2 27.25) (layer F.Fab) (width 0.1))
    (fp_line (start 2.875 26.75) (end 2.875 27.25) (layer F.Fab) (width 0.1))
    (fp_line (start 2 26.75) (end 2.875 26.75) (layer F.Fab) (width 0.1))
    (fp_line (start -2.875 27.25) (end -2 27.25) (layer F.Fab) (width 0.1))
    (fp_line (start -2.875 26.75) (end -2.875 27.25) (layer F.Fab) (width 0.1))
    (fp_line (start -2 26.75) (end -2.875 26.75) (layer F.Fab) (width 0.1))
    (fp_line (start 2.875 25.25) (end 2 25.25) (layer F.Fab) (width 0.1))
    (fp_line (start 2.875 24.75) (end 2.875 25.25) (layer F.Fab) (width 0.1))
    (fp_line (start 2 24.75) (end 2.875 24.75) (layer F.Fab) (width 0.1))
    (fp_line (start -2.875 25.25) (end -2 25.25) (layer F.Fab) (width 0.1))
    (fp_line (start -2.875 24.75) (end -2.875 25.25) (layer F.Fab) (width 0.1))
    (fp_line (start -2 24.75) (end -2.875 24.75) (layer F.Fab) (width 0.1))
    (fp_line (start 2.875 23.25) (end 2 23.25) (layer F.Fab) (width 0.1))
    (fp_line (start 2.875 22.75) (end 2.875 23.25) (layer F.Fab) (width 0.1))
    (fp_line (start 2 22.75) (end 2.875 22.75) (layer F.Fab) (width 0.1))
    (fp_line (start -2.875 23.25) (end -2 23.25) (layer F.Fab) (width 0.1))
    (fp_line (start -2.875 22.75) (end -2.875 23.25) (layer F.Fab) (width 0.1))
    (fp_line (start -2 22.75) (end -2.875 22.75) (layer F.Fab) (width 0.1))
    (fp_line (start 2.875 21.25) (end 2 21.25) (layer F.Fab) (width 0.1))
    (fp_line (start 2.875 20.75) (end 2.875 21.25) (layer F.Fab) (width 0.1))
    (fp_line (start 2 20.75) (end 2.875 20.75) (layer F.Fab) (width 0.1))
    (fp_line (start -2.875 21.25) (end -2 21.25) (layer F.Fab) (width 0.1))
    (fp_line (start -2.875 20.75) (end -2.875 21.25) (layer F.Fab) (width 0.1))
    (fp_line (start -2 20.75) (end -2.875 20.75) (layer F.Fab) (width 0.1))
    (fp_line (start 2.875 19.25) (end 2 19.25) (layer F.Fab) (width 0.1))
    (fp_line (start 2.875 18.75) (end 2.875 19.25) (layer F.Fab) (width 0.1))
    (fp_line (start 2 18.75) (end 2.875 18.75) (layer F.Fab) (width 0.1))
    (fp_line (start -2.875 19.25) (end -2 19.25) (layer F.Fab) (width 0.1))
    (fp_line (start -2.875 18.75) (end -2.875 19.25) (layer F.Fab) (width 0.1))
    (fp_line (start -2 18.75) (end -2.875 18.75) (layer F.Fab) (width 0.1))
    (fp_line (start 2.875 17.25) (end 2 17.25) (layer F.Fab) (width 0.1))
    (fp_line (start 2.875 16.75) (end 2.875 17.25) (layer F.Fab) (width 0.1))
    (fp_line (start 2 16.75) (end 2.875 16.75) (layer F.Fab) (width 0.1))
    (fp_line (start -2.875 17.25) (end -2 17.25) (layer F.Fab) (width 0.1))
    (fp_line (start -2.875 16.75) (end -2.875 17.25) (layer F.Fab) (width 0.1))
    (fp_line (start -2 16.75) (end -2.875 16.75) (layer F.Fab) (width 0.1))
    (fp_line (start 2.875 15.25) (end 2 15.25) (layer F.Fab) (width 0.1))
    (fp_line (start 2.875 14.75) (end 2.875 15.25) (layer F.Fab) (width 0.1))
    (fp_line (start 2 14.75) (end 2.875 14.75) (layer F.Fab) (width 0.1))
